1885.1396
1956.2502
1987.7914
2014.8816
2043.7664
2037.6297
2056.8425
2056.1506
2041.7890
2060.2139
2068.9623
2085.0210
2086.8606
2075.8463
2057.8053
2063.3918
2047.0410
2046.0994
2042.2596
2024.9321
2005.7190
1998.0183
1992.1179
1963.8467
1950.2382
1939.0923
1928.9685
1911.2217
1913.7107
1915.7873
1904.5931
1898.0744
1880.8743
1859.5681
1852.4463
1847.2803
1831.1129
1838.9549
1819.0895
1802.0813
1785.8905
1762.8182
1747.8661
1742.0736
1742.4240
1735.5166
1704.8935
1695.8572
1674.5001
1672.4273
1651.5371
1634.7259
1627.8416
1605.9457
1611.7770
1605.4228
1587.7185
1557.5757
1542.3046
1524.2265
1507.4733
1482.0948
1484.2344
1474.3981
1468.1233
1458.4142
1451.4506
1435.1895
1442.7556
1428.2115
1422.6346
1420.2944
1406.6540
1410.0404
1397.4867
1397.9275
1399.4772
1407.5332
1404.1906
1389.8762
1376.0054
1380.8114
1378.7967
1405.5608
1409.3599
1392.0103
1420.8024
1413.9917
1416.3469
1422.5827
1403.3568
1388.0419
1367.9479
1341.1896
1354.5852
1369.5108
1354.6440
1349.5440
1346.4330
1334.2609
1328.5402
1308.1881
1299.9580
1298.6953
1292.2398
1292.0095
1289.5159
1289.0027
1276.6977
1267.6825
1283.4473
1264.9163
1262.5860
1239.3095
1234.2146
1225.7641
1225.2557
1248.8294
1251.7554
1240.3849
1232.9327
1234.7226
1237.5019
1237.3716
1244.8830
1245.9474
1255.4312
1276.1519
1260.1551
1260.7725
1246.9596
1248.4363
1257.1388
1242.3665
1229.2915
1214.4947
1200.2634
1189.9884
1192.1887
1185.5534
1197.6145
1198.2335
1195.1702
1190.7463
1180.7911
1169.6958
1166.6709
1163.9503
1175.6913
1187.1875
1188.2910
1214.5714
1218.4003
1219.5176
1222.3220
1198.3021
1203.8460
1225.6394
1211.2937
1211.9057
1207.5142
1210.4799
1194.2433
1176.6653
1187.8324
1187.7513
1185.0113
1184.9849
1187.5030
1203.9105
1185.9569
1190.4316
1171.4424
1169.0905
1176.7533
1173.5501
1165.5823
1161.4921
1157.1812
1170.3345
1146.4216
1143.6005
1128.0240
1115.8898
1126.2405
1144.6335
1154.2695
1160.1641
1158.7456
1157.1534
1164.0104
1166.4551
1172.4969
1163.8738
1169.7870
1156.0341
1164.7296
1161.9435
1165.5203
1176.6943
1195.2681
1176.8679
1159.1333
1157.2959
1134.3434
1128.8929
1123.9493
1127.5664
1110.9834
1098.5300
1083.0504
1085.3622
1078.4018
1084.7909
1090.4122
1089.4667
1088.2865
1067.2927
1084.4982
1092.2314
1075.2742
1079.4093
1088.4069
1101.8569
1105.7858
1113.0935
1118.3263
1105.0368
1099.9736
1124.4267
1117.3617
1134.6964
1120.1711
1127.7983
1124.0805
1120.6230
1122.9732
1113.5793
1100.8906
1098.1384
1093.5581
1105.2144
1111.4438
1107.1798
1099.9746
1106.6840
1109.0434
1101.9577
1109.7869
1087.6030
1085.4944
1102.3643
1108.5592
1110.3449
1112.5641
1110.2715
1086.9640
1101.9329
1112.2809
1122.2842
1118.9918
1123.2123
1116.1592
