-1767.1574
-1280.5802
-1074.0548
-1001.4801
-924.4785
-710.2031
-467.2976
-665.8682
-601.6780
-508.9399
-290.8942
-65.3718
-278.4221
-482.4448
-418.0570
-80.1827
-176.8587
-68.7836
-38.7732
29.6774
35.8026
-53.4089
-329.3294
-67.7847
-157.9791
305.5463
22.7694
252.3086
141.1777
256.0955
-302.3428
-56.3720
8.3866
202.2966
101.6341
-120.6923
120.8113
22.5080
-79.7310
-99.3034
-98.1575
43.3074
130.5664
124.3681
-46.7942
93.2712
-277.8281
-340.3029
98.0963
-70.2659
-212.1878
24.7512
-306.0225
-303.6420
-172.4757
-228.0386
-291.9708
-66.1844
48.0156
88.0207
-122.1655
-460.5733
-43.2384
-260.4403
-312.2463
-306.9091
143.4010
280.7126
-33.4230
-318.1540
101.5998
75.4477
107.9755
-152.3955
-18.3874
-163.2665
-245.3801
-469.6910
-551.4333
103.9798
-264.5272
52.6766
13.0415
241.4070
3.5117
-340.2851
292.1876
-11.1038
173.0334
-118.0702
538.9815
-106.2006
531.4705
-313.7448
-155.9356
-397.7075
277.4930
153.9428
280.1812
474.8225
55.1664
-169.2020
291.7552
68.7753
-645.4016
-121.6210
-46.3275
-24.7807
-112.8559
44.7884
-39.8915
-206.2097
-262.3530
-308.4900
-206.1607
-197.9679
-250.4607
-439.8125
-229.2015
140.4412
-139.8221
-496.0231
1.2448
291.9233
-31.5835
-118.0920
65.0383
18.4440
-56.6592
-79.7944
-76.2682
-139.4563
-63.3256
-108.5314
-283.3611
-502.5159
-35.1117
100.1801
5.3004
304.7332
-321.5479
-195.1417
215.0442
281.3334
206.9105
-100.6493
200.2757
124.8698
-125.2243
-226.7114
193.1769
-93.1848
-43.5793
402.9037
-310.0874
-264.3827
-395.3976
-397.0954
154.2157
60.0727
-113.5063
36.0028
-196.9989
-80.9865
-329.1841
-78.2120
-246.0622
-160.3465
-438.8462
206.6306
420.1302
89.7509
-104.2793
71.5786
-106.5483
21.0094
-97.7335
-510.0232
-384.7552
-266.0458
-134.5197
304.1758
71.6781
-424.6699
289.3653
-126.5443
-248.0929
76.1543
-391.5446
-94.6107
-56.9794
-260.8202
101.5146
377.4317
18.0731
225.5933
-56.3028
-166.3707
-324.3535
-548.2872
-319.9706
-67.5524
48.0398
-201.2095
-202.9728
-222.2355
-52.3020
169.8225
-80.8919
93.3441
15.4730
-0.7294
-204.6856
-427.1150
-163.2718
192.5372
-122.9971
-407.8639
-338.7299
-145.7413
217.3083
-35.8779
-109.4337
314.5965
-179.8155
330.0191
-4.0635
173.5675
435.2000
-14.0895
313.2528
36.2232
-37.0737
123.5592
25.8952
-64.9790
44.6800
-124.2741
144.4457
-50.7655
-80.3725
-285.6142
-350.5386
-188.2846
23.2788
333.5468
189.9944
74.5309
260.0670
212.0805
-133.2923
-91.1732
0.3767
-38.7951
82.1992
408.1169
138.5160
38.6794
-289.9820
-158.9536
-246.5247
-404.5179
-543.6138
-323.8405
-224.6932
82.4651
246.8821
-297.7268
-123.0463
-208.1817
11.3119
144.4804
-30.0400
-112.9675
-87.6980
183.7067
-47.0149
358.3789
148.6685
-70.5267
574.2791
-107.1319
-107.8895
252.6761
-8.6704
-43.4572
-207.1476
-187.7133
-120.1227
102.3053
-255.7192
-31.3513
-206.2963
-224.6160
-73.5237
13.6511
-113.7462
-350.9507
-96.1983
-30.0864
-30.9338
-162.0640
-82.8019
-399.6931
158.4390
107.7185
153.9704
-139.7572
119.0178
-105.3914
-319.3630
-317.4076
-285.2517
136.9337
-325.2384
-378.9438
-414.1209
-235.0919
-297.2912
41.7789
-469.5622
-307.1246
-303.4329
-299.4539
-292.5362
-157.0868
-408.4382
-149.1179
-328.9523
-177.6522
-383.8632
-566.9249
-560.3503
-640.2539
-218.2427
21.8814
-38.6638
-233.9407
-377.5999
-370.2837
-245.7700
-73.0481
218.5973
84.0199
305.5457
109.0128
-65.0460
-138.5840
69.6967
-110.0636
218.7798
35.3481
289.0811
242.3690
120.2976
234.8056
29.7055
-73.6149
-290.8850
-178.3809
-450.1912
-333.2076
-205.7429
-8.3340
214.2963
309.6545
-58.1731
-501.0402
-118.5825
-388.4175
229.9886
-212.9555
-203.6662
-55.4173
82.7545
286.1195
286.3013
253.7700
243.8267
404.0247
539.3353
103.4400
135.9013
279.2748
9.8555
-212.7635
-268.7002
-189.3750
-81.6500
-86.2343
-6.9182
260.9662
138.6773
362.4362
202.3696
-194.0979
324.8661
44.9005
216.4885
168.1071
210.9993
34.0166
-133.8032
10.3076
205.8653
50.0107
129.3681
-119.5027
382.1050
85.4533
-215.0446
20.1951
298.9737
264.2062
-116.1036
-82.5003
244.6508
376.9527
-33.8241
191.1071
199.1088
156.4576
243.5019
-97.4505
39.6520
-130.6052
67.6206
459.2717
388.2786
-91.4109
71.0652
8.5407
100.9024
157.2148
-16.0029
-38.3605
-187.6511
87.2087
9.6608
-181.3117
-21.6797
59.3700
-320.9399
-135.2271
302.2329
81.0102
-31.3901
-403.2555
-91.4318
-141.6219
66.8504
-53.0980
-152.1257
-263.1763
89.4401
-187.4735
-132.5875
-147.2259
-77.2608
-143.1296
-177.7268
-560.8464
-483.8313
-66.8048
-87.1497
-54.5292
-66.7910
-115.9883
-92.5079
-103.5329
-244.4007
46.6424
-112.5419
-270.2837
-190.2593
-181.7399
-313.3077
-138.7686
-63.2804
-425.2280
-168.5635
-121.0803
-165.4057
-172.1527
-73.8629
-132.9434
7.0644
-183.0647
87.1030
88.5780
5.4025
78.1989
280.3289
-92.3917
141.6068
462.1311
-164.7575
13.6159
-216.9877
261.9475
306.5316
54.9942
-21.6560
229.0532
-73.2007
39.9098
85.3416
-176.1119
-150.4342
98.6902
162.8978
-149.0227
53.3712
-1.5430
313.4686
282.7076
252.2228
120.5668
143.0625
-34.0053
-389.9490
102.5583
416.4781
90.1942
147.8155
18.9944
-205.6126
-32.5443
53.8922
-216.9561
101.9238
-147.8542
35.0152
-218.7376
-455.8322
-486.2420
-516.1971
-231.7120
-276.5310
-211.7119
-312.7723
138.8623
-324.6478
-538.8251
-528.2805
-231.6184
-261.3052
226.2503
372.4813
299.7985
136.8162
-81.4199
275.5643
295.8135
565.3329
7.7472
167.0693
43.8191
-19.7462
-84.9068
-16.4876
-32.5206
42.9740
64.4305
-243.3056
-245.0616
-332.7878
-341.5784
-274.1729
-92.0106
246.3626
-443.8965
-176.2635
-414.4144
-391.9055
-78.8294
-325.7087
-105.3315
-287.2601
-132.7041
-140.8296
47.4492
-208.0258
164.6493
72.3426
-96.0847
-196.5481
1.7650
-31.0230
-27.8334
-173.6414
-258.6384
11.1972
-282.3330
-1.4097
-39.6027
10.4704
-124.7638
-199.0833
-247.1005
-277.6371
-91.4272
-166.4297
11.0826
-409.8095
178.4165
416.5489
158.5497
216.8379
-12.2306
-679.9849
63.4857
-51.4995
401.0558
320.2894
-381.7144
-5.9437
29.8712
-35.2562
-91.5605
-12.6512
-246.4666
-91.3091
-250.1692
-422.2991
51.7581
-397.3533
-323.4310
-383.5764
-349.3123
230.6354
-311.9957
-398.0832
-475.6648
-165.5157
-129.2143
-165.3894
117.2243
-112.5690
-134.2429
-647.9789
-250.7840
-88.8023
-173.9433
317.5782
152.0169
-281.9070
25.3860
71.4400
55.4336
-55.7732
-340.1315
-180.3883
39.0351
-158.3883
-162.4366
-38.3514
-370.9899
-431.1048
-134.6031
-77.8168
-278.2640
-362.4105
-459.3309
-292.5675
56.6916
-209.9401
-157.1629
46.7443
-352.3499
41.4825
-121.7507
-130.2292
27.1391
42.4653
56.3100
-405.8903
-358.9513
255.5216
-151.7267
31.8116
-396.2996
-292.2236
-269.8563
-127.0094
182.5084
-123.6801
343.8500
276.9943
-169.0269
86.1405
426.2931
177.7182
228.9214
257.2104
263.2137
-156.7307
-150.4560
28.5982
-172.1409
74.8516
390.6414
124.1534
-136.9961
-195.3040
-58.8523
423.0353
106.8373
-262.9353
-459.8767
-64.1323
-29.6563
-28.4464
-661.1070
143.5665
126.2719
-65.6573
-191.7607
-228.6550
-198.6229
212.2220
-215.3025
-361.2185
-135.6769
-81.6826
250.0685
203.4306
187.8162
-31.2257
-446.4956
-470.2473
240.4724
119.2079
-53.5715
182.3023
276.4477
535.7622
-164.2760
156.9260
-66.2445
15.9609
364.9117
447.9541
127.7437
250.8935
345.1213
-63.2758
-101.7493
28.2690
138.5428
-133.8645
-102.5618
13.4036
230.9434
-88.6090
120.4040
305.6517
-111.5660
-50.3010
-27.4809
59.1627
77.4757
5.9242
-98.9739
152.0164
11.1560
-356.4838
-189.0048
61.4827
-146.5117
175.0697
87.2677
123.9957
29.0081
-49.7681
-288.2639
-308.0646
-77.3327
101.4565
310.4001
-166.9637
139.9793
53.1352
281.7970
352.5007
290.6788
-71.4367
-276.3000
198.7750
139.7195
-35.6881
-91.5226
27.2463
-480.7670
-93.9321
-312.7114
-133.6088
81.2603
-110.3942
371.8297
-42.3559
-194.6432
-350.9248
-278.2717
5.2857
-165.9851
-20.3056
143.0517
73.2025
-92.0719
148.6573
-151.8033
238.9436
150.7675
31.7421
47.4589
52.7049
9.3799
108.4603
-34.8749
-118.4509
-204.8796
505.3309
527.0796
129.5433
439.4751
593.4154
211.3798
102.6572
405.6701
160.5216
356.6929
-76.7758
-100.5823
-204.0694
-241.7653
-92.0080
12.5217
23.1648
-241.3419
-198.6103
112.1441
120.4484
-109.9418
254.1864
-148.4280
-204.7226
233.7698
236.4535
270.3778
152.7709
88.3222
109.0350
329.4943
-144.3166
-4.8483
-328.0032
22.3781
487.9157
54.6623
-373.6389
-60.4662
65.2849
-125.0589
5.6491
358.4703
-64.5513
200.5539
261.9243
101.7193
-186.9369
-69.0552
-266.5690
-360.8001
-256.2330
-252.8539
-224.1320
-141.3284
87.3581
-11.9368
148.3954
394.6001
417.2658
621.7229
513.9240
270.7898
243.1406
23.0918
126.7009
219.0293
25.6914
9.5211
-83.4620
-109.9593
64.4247
56.2273
8.5087
-121.0950
18.2737
172.8428
459.0108
-24.2616
-120.9293
114.9112
-243.6921
-371.8625
98.2529
84.4584
-44.3507
50.9153
-49.2638
-113.8789
-101.3799
-194.8763
-253.5791
2.2461
62.1631
119.9084
-131.9732
53.8701
-207.0697
97.9600
-182.7289
-116.4393
210.4022
231.9434
-7.9177
150.2262
-21.5559
86.7033
-40.6727
-64.4163
-88.6340
225.6221
-46.1052
143.2870
375.5837
173.1441
347.6532
-54.5570
-115.4173
-152.3016
-405.8274
-153.0006
169.6235
187.5528
34.6711
-94.2346
70.4059
137.0662
-354.7602
-302.7397
-263.0448
57.1804
-163.3230
79.5463
82.3178
-142.8823
-216.4164
-239.7713
-206.1345
-6.4265
-211.4991
-462.7110
-158.5866
22.3698
-299.4268
-327.1807
-150.7830
-27.6700
410.2047
327.0303
328.4357
-52.3520
-66.1139
-96.1100
-281.4475
167.6157
-40.1552
-385.8773
110.3571
70.0552
-91.7353
-223.0489
-282.9632
-293.8548
-252.1152
200.3978
-328.1043
-210.8828
227.0378
161.7398
124.7982
-61.3266
-251.6345
-153.8457
19.5419
-244.8538
-239.5541
78.5037
175.5232
