-27335.7226
-27344.4410
-27420.4379
-27370.4671
-27320.8220
-27279.1522
-27309.0637
-27372.7873
-27542.8854
-27560.0806
-27548.8560
-27617.6795
-27628.4256
-27687.4713
-27646.6827
-27665.2488
-27691.9377
-27757.7629
-27709.8228
-27739.8864
-27727.1409
-27788.3907
-27830.2612
-27848.6963
-27835.9496
-27866.4726
-27889.9197
-27935.6558
-27940.8667
-27932.3560
-27846.0551
-27808.0479
-27958.9063
-27997.5224
-28040.6472
-28058.7659
-28039.1148
-28070.2285
-28040.8308
-27959.5450
-28056.3043
-28056.8584
-28066.1254
-28064.2116
-28065.0984
-28140.3616
-28124.2146
-28094.9959
-28165.7097
-28163.2315
-28131.9241
-28108.8245
-28188.9701
-28149.2525
-28124.6256
-28081.6417
-28046.7925
-28148.4031
-28103.9849
-28209.7998
-28257.2557
-28174.0393
-28153.3044
-28073.4996
-28089.9446
-28116.9560
-28197.8085
-28232.0573
-28268.2542
-28235.4490
-28333.9660
-28353.8301
-28351.1696
-28385.0580
-28387.9231
-28432.7215
-28437.3054
-28462.3760
-28357.0918
-28264.4136
-28260.0503
-28150.4948
-28094.8297
-28051.5459
-28109.0990
-28163.8311
-28147.0850
-28127.2631
-28092.2889
-28132.1741
-28207.3288
-28210.7867
-28253.6606
-28273.1343
-28275.5690
-28294.5341
-28279.9696
-28349.9244
-28263.4825
-28328.1664
-28386.9468
-28378.5410
-28502.6499
-28408.6820
-28424.2574
-28386.3284
-28344.2465
-28352.6884
-28445.5448
-28419.0773
-28436.8349
-28405.8016
-28420.9764
-28472.9070
-28489.4707
-28433.9939
-28360.2783
-28393.8419
-28421.5861
-28374.3074
-28288.9668
-28378.3560
-28334.9345
-28302.6665
-28317.0792
-28317.3059
-28350.4619
-28248.5046
-28298.1251
-28362.6920
-28459.9951
-28479.4903
-28480.2503
-28428.6931
-28376.3817
-28461.2630
-28464.7064
-28575.1046
-28454.9950
-28425.6895
-28433.4796
-28413.3342
-28385.3754
-28371.2250
-28375.8241
-28400.6223
-28380.5134
-28331.1769
-28305.5597
-28277.1699
-28358.7547
-28422.3547
-28394.3299
-28364.8878
-28321.6371
-28391.9934
-28416.9930
-28364.4193
-28359.6296
-28389.3671
-28399.6577
-28403.8386
-28312.8722
-28370.2921
-28404.3271
-28384.6142
-28298.3000
-28302.9047
-28312.1542
-28327.4043
-28392.0675
-28308.8019
-28371.3507
-28377.4642
-28327.4568
-28377.6937
-28364.6162
-28315.7657
-28365.9316
-28351.7106
-28347.3220
-28330.5302
-28321.7524
-28391.1210
-28383.1407
-28402.5605
-28349.2753
-28327.6011
-28380.3151
-28290.7114
-28373.6548
-28402.6802
-28380.2019
-28414.6797
-28465.7762
-28331.8920
-28356.3993
-28341.8882
-28388.7975
-28402.5125
-28393.1203
-28406.1008
-28506.5105
-28526.2569
-28468.9013
-28551.2304
-28512.3155
-28542.7850
-28583.8066
-28455.1674
-28481.0550
-28463.7520
-28329.0345
-28232.2919
-28160.0848
-28225.4659
-28137.9624
-28205.5460
-28278.7476
-28303.8885
-28307.8832
-28360.8709
-28357.2074
-28406.4629
-28388.8398
-28348.4503
-28338.4215
-28304.8501
-28348.9697
-28393.0317
-28341.2413
-28332.2046
-28321.9476
-28333.4005
-28378.6147
-28484.0258
-28536.2857
-28518.1208
-28529.8095
-28520.0275
-28527.7609
-28579.4097
-28536.1732
-28500.2951
-28533.2771
-28509.3863
-28535.6166
-28424.4092
-28447.2208
-28378.7216
-28414.9249
-28496.8394
-28435.5846
-28378.1393
-28427.6697
-28449.8108
-28437.6121
-28364.4644
-28404.0292
-28364.9339
-28297.5572
-28315.3893
-28263.5781
-28313.5446
-28267.3977
-28296.1115
-28338.4645
-28385.9073
-28406.7964
-28360.9824
-28411.3845
-28412.1253
-28431.6187
-28499.2075
-28433.4163
-28410.5295
-28429.7853
-28451.9987
-28461.0913
-28551.4617
-28558.9143
-28484.5503
-28398.9576
-28395.6351
-28454.6603
-28428.9708
-28419.3800
-28425.9205
-28369.7577
-28261.1761
-28248.3698
-28355.7889
-28415.7556
-28415.6658
-28425.1141
-28415.2078
-28384.4983
-28288.7807
-28251.4296
-28227.3491
-28314.0570
-28391.7689
-28434.7705
-28381.0038
-28334.0576
-28325.3614
-28282.7010
-28247.1522
-28290.0378
-28261.6868
-28179.8017
-28299.1300
-28350.2093
-28357.0352
-28309.3247
-28324.2291
-28332.2616
-28352.8870
-28327.9949
-28339.6469
-28347.5795
-28392.5818
-28424.0069
-28383.7764
-28380.5810
-28418.9858
-28460.0291
-28407.4921
-28422.7954
-28442.5414
-28544.6469
-28438.9538
-28461.5167
-28522.1242
-28545.4805
-28513.6076
-28406.6382
-28459.2122
-28513.6664
-28424.8202
-28319.9945
-28352.6743
-28347.3982
-28369.4993
-28451.2464
-28394.0050
-28365.4985
-28294.6015
-28312.9965
-28290.9514
-28251.9110
-28289.8753
-28253.3666
-28281.9478
-28289.6787
-28289.4694
-28310.2124
-28370.2794
-28427.4792
-28375.6806
-28393.5034
-28307.7938
-28258.1396
-28321.2819
-28390.7649
-28446.1448
-28434.0475
-28362.8696
-28423.0057
-28344.7680
-28311.4997
-28312.6746
-28370.3961
-28256.3047
-28250.1093
-28232.5122
-28207.2083
-28265.8723
-28362.1977
-28390.6598
-28387.8108
-28429.3793
-28421.1576
-28367.8065
-28353.1731
-28330.7701
-28410.2839
-28405.8691
-28375.0739
-28410.8870
-28448.7920
-28398.8748
-28314.6557
-28315.6977
-28312.1236
-28263.6790
-28302.5307
-28360.3521
-28346.1249
-28338.3018
-28411.5963
-28493.6798
-28462.3363
-28531.8647
-28617.3487
-28584.8788
-28612.3803
-28611.2465
-28577.9972
-28485.0438
-28415.2214
-28430.3565
-28456.8631
-28435.3626
-28388.2562
-28446.5898
-28450.5419
-28508.1086
-28524.1832
-28460.6514
-28391.3394
-28492.9093
-28504.5326
-28468.8128
-28464.3082
-28437.3502
-28383.8881
-28405.4447
-28454.6813
-28515.6028
-28451.8435
-28426.5395
-28395.6131
-28474.7272
-28475.3738
-28472.7644
-28534.9600
-28529.0508
-28537.4228
-28536.6150
-28606.9759
-28533.4409
-28525.2958
-28446.8207
-28451.9728
-28418.5529
-28390.2500
-28431.8443
-28370.2883
-28404.1747
-28463.3880
-28457.8897
-28503.4834
-28541.2039
-28561.4209
-28542.4178
-28569.8022
-28542.4156
-28486.4982
-28587.6445
-28592.1852
-28582.7710
-28520.6198
-28550.1428
-28516.8673
-28474.9531
-28489.8487
-28422.3959
-28480.6060
-28539.6028
-28567.4319
-28575.4042
-28642.6195
-28567.7711
-28567.7354
-28471.5335
-28445.1689
-28486.8144
-28438.3625
-28506.3863
-28410.7741
-28392.2199
-28371.9957
-28373.0367
-28445.1102
-28412.1663
-28441.1007
-28344.5077
-28314.7990
-28334.2011
-28253.7208
-28278.5052
-28305.9086
-28234.2599
-28256.3481
-28217.7569
-28243.9317
-28254.1396
-28295.7081
-28215.0244
